-1.235999999999999988e+00 7.786999999999999478e-01 -1.199999999999999956e+00 2.000000000000000111e-01 9.140000000000000568e+01 1.390000000000000036e+01
-1.219600000000000017e+00 -2.839999999999999747e-01 -1.899999999999999911e+00 1.000000000000000056e-01 -2.750000000000000000e+01 2.319999999999999929e+01
-1.207899999999999974e+00 -3.645999999999999797e-01 -1.800000000000000044e+00 1.000000000000000056e-01 -4.170000000000000284e+01 3.510000000000000142e+01
-1.135999999999999899e+00 -9.314000000000000057e-01 -1.699999999999999956e+00 2.999999999999999889e-01 -1.130000000000000000e+02 2.610000000000000142e+01
-9.472000000000000419e-01 7.376000000000000334e-01 -1.199999999999999956e+00 2.999999999999999889e-01 1.017999999999999972e+02 1.789999999999999858e+01
-8.970000000000000195e-01 -5.311000000000000165e-01 -1.800000000000000044e+00 2.999999999999999889e-01 -2.440999999999999943e+02 1.760000000000000142e+01
-8.379999999999999671e-01 -1.203999999999999959e+00 -9.000000000000000222e-01 2.000000000000000111e-01 -6.540000000000000568e+01 7.500000000000000000e+00
-8.118999999999999551e-01 6.455999999999999517e-01 -1.500000000000000000e+00 2.000000000000000111e-01 1.072999999999999972e+02 1.530000000000000071e+01
-7.844999999999999751e-01 8.329999999999999905e-02 -1.500000000000000000e+00 4.000000000000000222e-01 -9.150000000000000000e+01 2.189999999999999858e+01
-7.231999999999999540e-01 1.114700000000000024e+00 -6.999999999999999556e-01 8.000000000000000444e-01 3.310000000000000142e+01 1.530000000000000071e+01
-7.130999999999999561e-01 -9.080000000000000571e-02 -1.300000000000000044e+00 2.000000000000000111e-01 -1.027999999999999972e+02 1.559999999999999964e+01
-6.824000000000000066e-01 -6.933000000000000274e-01 -1.100000000000000089e+00 2.000000000000000111e-01 -1.423000000000000114e+02 9.099999999999999645e+00
-6.351999999999999869e-01 -1.024999999999999911e+00 -1.199999999999999956e+00 2.000000000000000111e-01 -1.032999999999999972e+02 1.650000000000000000e+01
-6.206000000000000405e-01 1.262000000000000066e-01 -1.399999999999999911e+00 2.000000000000000111e-01 6.450000000000000000e+01 1.430000000000000071e+01
-6.038999999999999924e-01 2.074999999999999900e-01 -1.000000000000000000e+00 2.000000000000000111e-01 9.900000000000000000e+01 8.599999999999999645e+00
-6.037000000000000144e-01 -7.459000000000000075e-01 -1.899999999999999911e+00 2.000000000000000111e-01 -2.220999999999999943e+02 2.030000000000000071e+01
-5.795000000000000151e-01 -3.160999999999999921e-01 -1.199999999999999956e+00 2.000000000000000111e-01 1.244000000000000057e+02 9.199999999999999289e+00
-5.661000000000000476e-01 -3.849000000000000199e-01 -1.000000000000000000e+00 2.000000000000000111e-01 -1.277000000000000028e+02 8.300000000000000711e+00
-5.452000000000000179e-01 -2.973999999999999977e-01 -6.999999999999999556e-01 2.000000000000000111e-01 9.850000000000000000e+01 8.300000000000000711e+00
-5.070999999999999952e-01 -6.909999999999999476e-02 -2.200000000000000178e+00 2.000000000000000111e-01 -3.620000000000000284e+01 1.480000000000000071e+01
-4.857000000000000206e-01 -8.260000000000000675e-02 -1.600000000000000089e+00 2.000000000000000111e-01 -7.940000000000000568e+01 3.100000000000000089e+00
-4.576999999999999957e-01 1.102000000000000063e-01 -6.999999999999999556e-01 2.000000000000000111e-01 -6.759999999999999432e+01 6.700000000000000178e+00
-4.546000000000000041e-01 -5.349000000000000421e-01 -6.999999999999999556e-01 2.000000000000000111e-01 1.789999999999999858e+01 3.100000000000000089e+00
-4.304000000000000048e-01 1.895999999999999908e-01 -5.000000000000000000e-01 2.000000000000000111e-01 6.620000000000000284e+01 3.000000000000000000e+00
-4.313000000000000167e-01 4.200000000000000261e-02 -1.399999999999999911e+00 2.999999999999999889e-01 5.420000000000000284e+01 3.700000000000000178e+00
-4.197000000000000175e-01 1.199999999999999895e-03 -8.000000000000000444e-01 2.000000000000000111e-01 -2.130000000000000071e+01 3.000000000000000000e+00
-4.158999999999999919e-01 -2.840000000000000163e-02 -1.800000000000000044e+00 2.000000000000000111e-01 1.401999999999999886e+02 3.100000000000000089e+00
-4.122999999999999998e-01 9.429999999999999494e-02 -1.699999999999999956e+00 2.000000000000000111e-01 -5.870000000000000284e+01 3.100000000000000089e+00
-3.932999999999999829e-01 1.552000000000000046e-01 -5.000000000000000000e-01 2.000000000000000111e-01 -1.145999999999999943e+02 3.100000000000000089e+00
-3.724999999999999978e-01 1.011999999999999983e-01 -6.999999999999999556e-01 2.000000000000000111e-01 -8.640000000000000568e+01 6.200000000000000178e+00
-3.605999999999999761e-01 8.771999999999999797e-01 -2.500000000000000000e+00 5.999999999999999778e-01 -3.060000000000000000e+02 2.739999999999999858e+01
-3.575999999999999734e-01 9.348999999999999533e-01 -1.199999999999999956e+00 2.000000000000000111e-01 2.450000000000000000e+01 1.440000000000000036e+01
-3.623000000000000109e-01 -6.629999999999999782e-02 -8.000000000000000444e-01 2.000000000000000111e-01 -2.339000000000000057e+02 3.000000000000000000e+00
-3.528000000000000025e-01 -3.694999999999999951e-01 -6.999999999999999556e-01 4.000000000000000222e-01 -1.715999999999999943e+02 3.299999999999999822e+00
-3.497999999999999998e-01 4.660000000000000253e-02 -8.000000000000000444e-01 2.000000000000000111e-01 7.970000000000000284e+01 3.000000000000000000e+00
-3.392999999999999905e-01 4.219999999999999862e-01 -9.000000000000000222e-01 2.000000000000000111e-01 -4.739999999999999858e+01 3.000000000000000000e+00
-3.336000000000000076e-01 -6.717999999999999527e-01 -1.100000000000000089e+00 2.000000000000000111e-01 2.500000000000000000e+01 1.219999999999999929e+01
-3.306999999999999940e-01 -1.743000000000000105e-01 -5.000000000000000000e-01 2.000000000000000111e-01 -1.240000000000000000e+02 3.000000000000000000e+00
-3.287999999999999812e-01 1.431999999999999940e-01 -1.800000000000000044e+00 2.000000000000000111e-01 -1.525000000000000000e+02 1.130000000000000071e+01
-3.311000000000000054e-01 -1.336999999999999966e+00 -5.000000000000000000e-01 2.000000000000000111e-01 7.270000000000000284e+01 1.300000000000000000e+01
-3.230999999999999983e-01 -3.910000000000000281e-02 -6.999999999999999556e-01 2.000000000000000111e-01 -1.416999999999999886e+02 3.100000000000000089e+00
-3.035999999999999810e-01 -3.850000000000000089e-01 -1.399999999999999911e+00 2.000000000000000111e-01 -2.753000000000000114e+02 3.100000000000000089e+00
-3.010999999999999788e-01 -6.705999999999999739e-01 -9.000000000000000222e-01 2.000000000000000111e-01 -6.150000000000000000e+01 3.000000000000000000e+00
-2.872999999999999998e-01 4.949999999999999956e-01 -5.999999999999999778e-01 2.000000000000000111e-01 8.729999999999999716e+01 5.700000000000000178e+00
-2.884999999999999787e-01 -2.607999999999999763e-01 -1.399999999999999911e+00 2.000000000000000111e-01 9.950000000000000000e+01 3.000000000000000000e+00
-2.826000000000000179e-01 -3.378999999999999782e-01 -1.300000000000000044e+00 2.000000000000000111e-01 1.450000000000000000e+01 3.100000000000000089e+00
-2.762000000000000011e-01 -2.844999999999999751e-01 -2.500000000000000000e+00 2.000000000000000111e-01 -9.890000000000000568e+01 3.100000000000000089e+00
-2.731999999999999984e-01 -1.328000000000000014e-01 -2.100000000000000089e+00 2.999999999999999889e-01 -2.571000000000000227e+02 3.100000000000000089e+00
-2.621999999999999886e-01 -2.842999999999999972e-01 -5.000000000000000000e-01 2.000000000000000111e-01 -1.789999999999999858e+01 3.100000000000000089e+00
-2.591999999999999860e-01 2.299999999999999961e-02 -6.999999999999999556e-01 2.000000000000000111e-01 -2.246999999999999886e+02 7.200000000000000178e+00
-2.449999999999999956e-01 -2.649000000000000243e-01 -1.600000000000000089e+00 2.999999999999999889e-01 -1.525000000000000000e+02 3.100000000000000089e+00
-2.399000000000000021e-01 -3.716999999999999749e-01 -5.999999999999999778e-01 2.000000000000000111e-01 -2.555000000000000000e+02 1.019999999999999929e+01
-2.313999999999999946e-01 1.041600000000000081e+00 -1.100000000000000089e+00 2.999999999999999889e-01 -2.719999999999999929e+01 1.800000000000000000e+01
-2.232999999999999985e-01 3.734999999999999987e-01 -8.000000000000000444e-01 2.000000000000000111e-01 2.526999999999999886e+02 3.000000000000000000e+00
-2.232999999999999985e-01 1.658999999999999919e-01 -8.000000000000000444e-01 2.000000000000000111e-01 -2.085999999999999943e+02 3.000000000000000000e+00
-2.172000000000000042e-01 -2.029999999999999860e-02 -8.000000000000000444e-01 2.000000000000000111e-01 -2.889999999999999858e+01 3.299999999999999822e+00
-2.139000000000000068e-01 5.190000000000000169e-02 -1.699999999999999956e+00 2.000000000000000111e-01 1.220999999999999943e+02 3.100000000000000089e+00
-2.078000000000000125e-01 7.829999999999999460e-02 -8.000000000000000444e-01 2.000000000000000111e-01 5.660000000000000142e+01 3.000000000000000000e+00
-1.965000000000000080e-01 -1.449999999999999900e-01 -9.000000000000000222e-01 2.000000000000000111e-01 6.599999999999999645e+00 3.100000000000000089e+00
-1.920999999999999930e-01 6.610000000000000597e-02 -8.000000000000000444e-01 2.000000000000000111e-01 2.980000000000000071e+01 3.000000000000000000e+00
-1.948000000000000009e-01 -1.062899999999999956e+00 -1.600000000000000089e+00 2.000000000000000111e-01 -5.610000000000000142e+01 1.409999999999999964e+01
-1.907000000000000084e-01 3.033000000000000140e-01 -9.000000000000000222e-01 2.000000000000000111e-01 -1.235000000000000000e+02 3.000000000000000000e+00
-1.854999999999999982e-01 5.053999999999999604e-01 -1.100000000000000089e+00 2.000000000000000111e-01 -4.929999999999999716e+01 8.000000000000000000e+00
-1.842000000000000026e-01 -4.390000000000000152e-02 -8.000000000000000444e-01 2.000000000000000111e-01 7.320000000000000284e+01 3.000000000000000000e+00
-1.827000000000000013e-01 4.320999999999999841e-01 -1.600000000000000089e+00 2.000000000000000111e-01 7.099999999999999645e+00 9.699999999999999289e+00
-1.809999999999999942e-01 2.695000000000000173e-01 -8.000000000000000444e-01 2.000000000000000111e-01 1.915000000000000000e+02 3.000000000000000000e+00
-1.799999999999999933e-01 1.529000000000000081e-01 -8.000000000000000444e-01 2.000000000000000111e-01 3.910000000000000142e+01 3.000000000000000000e+00
-1.685000000000000109e-01 4.799999999999999580e-03 -9.000000000000000222e-01 2.000000000000000111e-01 -1.197000000000000028e+02 1.269999999999999929e+01
-1.622000000000000108e-01 -4.010000000000000231e-01 -2.100000000000000089e+00 2.999999999999999889e-01 -1.240000000000000000e+02 3.100000000000000089e+00
-1.617999999999999994e-01 -4.830999999999999739e-01 -1.100000000000000089e+00 2.000000000000000111e-01 8.009999999999999432e+01 3.100000000000000089e+00
-1.574000000000000121e-01 -8.559999999999999554e-02 -1.000000000000000000e+00 2.000000000000000111e-01 3.850000000000000000e+01 3.100000000000000089e+00
-1.484999999999999931e-01 -1.817000000000000004e-01 -1.800000000000000044e+00 2.000000000000000111e-01 -2.353000000000000114e+02 3.100000000000000089e+00
-1.378000000000000058e-01 2.240999999999999936e-01 -6.999999999999999556e-01 2.000000000000000111e-01 2.630000000000000071e+01 6.200000000000000178e+00
-1.355000000000000093e-01 2.167999999999999927e-01 -8.000000000000000444e-01 2.000000000000000111e-01 -4.200000000000000178e+00 3.000000000000000000e+00
-1.328999999999999904e-01 -8.369999999999999662e-02 -1.300000000000000044e+00 2.000000000000000111e-01 7.599999999999999645e+00 3.000000000000000000e+00
-1.338999999999999913e-01 -5.988999999999999879e-01 -9.000000000000000222e-01 2.000000000000000111e-01 -1.082000000000000028e+02 3.100000000000000089e+00
-1.282000000000000084e-01 5.981999999999999540e-01 -1.000000000000000000e+00 2.000000000000000111e-01 6.139999999999999858e+01 7.099999999999999645e+00
-1.290999999999999925e-01 -1.958999999999999908e-01 -1.399999999999999911e+00 2.000000000000000111e-01 -3.389999999999999858e+01 3.100000000000000089e+00
-1.238999999999999962e-01 7.883000000000000007e-01 -5.999999999999999778e-01 2.000000000000000111e-01 5.799999999999999822e+00 8.099999999999999645e+00
-1.238999999999999962e-01 1.060000000000000005e-02 -1.800000000000000044e+00 5.000000000000000000e-01 8.820000000000000284e+01 3.399999999999999911e+00
-1.173000000000000015e-01 -1.368999999999999939e-01 -1.899999999999999911e+00 2.000000000000000111e-01 7.759999999999999432e+01 3.100000000000000089e+00
-1.163000000000000006e-01 -2.798999999999999821e-01 -5.999999999999999778e-01 2.000000000000000111e-01 -2.014000000000000057e+02 3.000000000000000000e+00
-1.151999999999999968e-01 1.107000000000000067e-01 -6.999999999999999556e-01 2.000000000000000111e-01 2.155999999999999943e+02 3.100000000000000089e+00
-1.127999999999999975e-01 4.535000000000000142e-01 -1.500000000000000000e+00 2.000000000000000111e-01 -1.385000000000000000e+02 3.000000000000000000e+00
-1.110000000000000014e-01 7.009999999999999565e-02 -1.300000000000000044e+00 2.000000000000000111e-01 1.531999999999999886e+02 3.100000000000000089e+00
-1.069999999999999979e-01 -1.796999999999999986e-01 -1.300000000000000044e+00 2.000000000000000111e-01 -2.369000000000000057e+02 3.000000000000000000e+00
-1.040999999999999981e-01 -1.431000000000000050e-01 -8.000000000000000444e-01 2.000000000000000111e-01 -2.821999999999999886e+02 3.100000000000000089e+00
-1.005999999999999950e-01 3.049999999999999933e-02 -1.000000000000000000e+00 2.000000000000000111e-01 2.410000000000000142e+01 4.099999999999999645e+00
-9.979999999999999982e-02 4.760000000000000342e-02 -1.399999999999999911e+00 2.999999999999999889e-01 4.100000000000000000e+01 3.100000000000000089e+00
-9.589999999999999913e-02 -9.758000000000000007e-01 -1.500000000000000000e+00 2.000000000000000111e-01 -6.859999999999999432e+01 1.290000000000000036e+01
-9.160000000000000087e-02 7.577000000000000401e-01 -2.799999999999999822e+00 4.000000000000000222e-01 8.779999999999999716e+01 2.330000000000000071e+01
-8.949999999999999623e-02 -2.485999999999999877e-01 -6.999999999999999556e-01 2.000000000000000111e-01 -7.079999999999999716e+01 3.100000000000000089e+00
-8.659999999999999643e-02 4.864999999999999880e-01 -1.100000000000000089e+00 2.000000000000000111e-01 -4.539999999999999858e+01 3.100000000000000089e+00
-8.400000000000000522e-02 4.619999999999999801e-02 -1.100000000000000089e+00 2.000000000000000111e-01 -2.460000000000000142e+01 1.090000000000000036e+01
-8.240000000000000102e-02 -6.034000000000000474e-01 -1.699999999999999956e+00 2.000000000000000111e-01 -1.288000000000000114e+02 3.100000000000000089e+00
-8.039999999999999925e-02 -3.529999999999999805e-02 -1.800000000000000044e+00 2.000000000000000111e-01 1.177000000000000028e+02 3.100000000000000089e+00
-7.630000000000000671e-02 3.685999999999999832e-01 -1.000000000000000000e+00 2.000000000000000111e-01 -6.759999999999999432e+01 9.300000000000000711e+00
-7.249999999999999500e-02 2.680000000000000160e-01 -1.800000000000000044e+00 2.000000000000000111e-01 -1.880000000000000000e+02 3.100000000000000089e+00
-7.299999999999999545e-02 -2.199000000000000121e-01 -8.000000000000000444e-01 2.000000000000000111e-01 -1.064000000000000057e+02 3.100000000000000089e+00
-6.880000000000000004e-02 -1.335000000000000075e-01 -1.000000000000000000e+00 2.000000000000000111e-01 -1.255999999999999943e+02 3.100000000000000089e+00
-6.640000000000000069e-02 6.383999999999999675e-01 -2.000000000000000000e+00 2.999999999999999889e-01 3.550000000000000000e+01 2.660000000000000142e+01
-6.629999999999999782e-02 6.052999999999999492e-01 -8.000000000000000444e-01 2.000000000000000111e-01 1.124000000000000057e+02 7.900000000000000355e+00
-6.610000000000000597e-02 9.279999999999999361e-02 -1.199999999999999956e+00 2.000000000000000111e-01 -1.589000000000000057e+02 3.000000000000000000e+00
-5.809999999999999887e-02 -1.758000000000000118e-01 -1.399999999999999911e+00 2.000000000000000111e-01 1.846999999999999886e+02 3.000000000000000000e+00
-5.310000000000000137e-02 -2.758999999999999786e-01 -8.000000000000000444e-01 2.000000000000000111e-01 -1.050000000000000000e+01 3.100000000000000089e+00
-5.249999999999999806e-02 1.562999999999999945e-01 -1.000000000000000000e+00 2.000000000000000111e-01 2.619999999999999929e+01 3.000000000000000000e+00
-5.240000000000000213e-02 -1.018000000000000016e-01 -1.300000000000000044e+00 2.000000000000000111e-01 1.876999999999999886e+02 3.100000000000000089e+00
-5.029999999999999749e-02 -8.550999999999999712e-01 -1.399999999999999911e+00 2.000000000000000111e-01 -1.230999999999999943e+02 3.100000000000000089e+00
-4.839999999999999858e-02 -4.369999999999999996e-01 -9.000000000000000222e-01 2.000000000000000111e-01 -1.280000000000000000e+02 8.500000000000000000e+00
-4.789999999999999813e-02 -1.315999999999999948e-01 -1.000000000000000000e+00 2.000000000000000111e-01 -5.129999999999999716e+01 4.000000000000000000e+00
-4.549999999999999878e-02 2.999999999999999889e-02 -5.000000000000000000e-01 2.000000000000000111e-01 -6.809999999999999432e+01 3.100000000000000089e+00
-4.499999999999999833e-02 2.120000000000000009e-02 -1.399999999999999911e+00 2.999999999999999889e-01 3.338999999999999773e+02 3.100000000000000089e+00
-4.229999999999999732e-02 2.383000000000000118e-01 -1.000000000000000000e+00 2.000000000000000111e-01 6.110000000000000142e+01 7.200000000000000178e+00
-4.159999999999999809e-02 -6.419999999999999318e-02 -5.999999999999999778e-01 2.000000000000000111e-01 2.345999999999999943e+02 3.000000000000000000e+00
-4.080000000000000293e-02 5.820000000000000173e-02 -1.000000000000000000e+00 2.000000000000000111e-01 -3.439999999999999858e+01 3.000000000000000000e+00
-3.520000000000000212e-02 -2.114000000000000046e-01 -6.999999999999999556e-01 2.000000000000000111e-01 6.370000000000000284e+01 3.000000000000000000e+00
-3.500000000000000333e-02 6.869999999999999718e-02 -1.399999999999999911e+00 5.000000000000000000e-01 2.060000000000000000e+02 3.660000000000000142e+01
-3.500000000000000333e-02 -2.619000000000000217e-01 -1.300000000000000044e+00 2.000000000000000111e-01 -1.072000000000000028e+02 3.100000000000000089e+00
-3.470000000000000168e-02 2.543000000000000260e-01 -5.999999999999999778e-01 2.999999999999999889e-01 1.185000000000000000e+02 3.200000000000000178e+00
-3.130000000000000143e-02 -5.680000000000000326e-02 -2.200000000000000178e+00 4.000000000000000222e-01 6.900000000000000000e+01 4.599999999999999645e+00
-3.119999999999999857e-02 -3.166999999999999815e-01 -1.699999999999999956e+00 2.000000000000000111e-01 -2.275999999999999943e+02 3.100000000000000089e+00
-3.099999999999999978e-02 2.280000000000000082e-02 -1.300000000000000044e+00 2.999999999999999889e-01 -1.590000000000000036e+01 1.369999999999999929e+01
-3.039999999999999994e-02 2.782999999999999918e-01 -5.999999999999999778e-01 2.000000000000000111e-01 -4.600000000000000000e+01 3.000000000000000000e+00
-2.740000000000000074e-02 -2.639999999999999986e-02 -1.100000000000000089e+00 2.000000000000000111e-01 3.216000000000000227e+02 3.100000000000000089e+00
-2.560000000000000123e-02 2.390000000000000110e-02 -8.000000000000000444e-01 2.999999999999999889e-01 -7.929999999999999716e+01 3.000000000000000000e+00
-1.949999999999999997e-02 9.226999999999999647e-01 -1.500000000000000000e+00 6.999999999999999556e-01 -2.289999999999999858e+01 2.200000000000000000e+01
-1.980000000000000163e-02 -2.899999999999999800e-03 -1.100000000000000089e+00 2.999999999999999889e-01 -3.315000000000000000e+02 2.989999999999999858e+01
-1.890000000000000013e-02 7.677000000000000490e-01 -1.500000000000000000e+00 2.000000000000000111e-01 1.059999999999999964e+01 1.119999999999999929e+01
-1.379999999999999977e-02 7.510000000000000009e-02 -5.000000000000000000e-01 4.000000000000000222e-01 9.879999999999999716e+01 1.190000000000000036e+01
-1.310000000000000053e-02 2.937000000000000166e-01 -1.199999999999999956e+00 2.000000000000000111e-01 -1.349000000000000057e+02 1.169999999999999929e+01
-1.140000000000000041e-02 -9.329999999999999405e-02 -6.999999999999999556e-01 2.000000000000000111e-01 -7.070000000000000284e+01 3.100000000000000089e+00
-8.999999999999999320e-03 -1.269999999999999948e-02 -5.000000000000000000e-01 2.000000000000000111e-01 2.746999999999999886e+02 3.000000000000000000e+00
-6.400000000000000307e-03 -1.773000000000000131e-01 -1.500000000000000000e+00 2.000000000000000111e-01 -3.693999999999999773e+02 3.000000000000000000e+00
-5.700000000000000205e-03 -7.784999999999999698e-01 -8.000000000000000444e-01 5.000000000000000000e-01 -1.255999999999999943e+02 3.399999999999999911e+00
-1.899999999999999996e-03 -5.739999999999999963e-02 -1.500000000000000000e+00 2.000000000000000111e-01 1.311999999999999886e+02 4.500000000000000000e+00
5.999999999999999474e-04 -2.440000000000000155e-02 -6.999999999999999556e-01 2.000000000000000111e-01 -2.255999999999999943e+02 3.100000000000000089e+00
1.500000000000000031e-03 -2.369999999999999885e-02 -9.000000000000000222e-01 2.999999999999999889e-01 -3.520000000000000284e+01 1.019999999999999929e+01
4.700000000000000185e-03 1.882000000000000062e-01 -9.000000000000000222e-01 2.999999999999999889e-01 3.860000000000000142e+01 1.219999999999999929e+01
6.400000000000000307e-03 3.969999999999999918e-02 -1.300000000000000044e+00 2.999999999999999889e-01 9.070000000000000284e+01 3.910000000000000142e+01
1.030000000000000013e-02 7.376000000000000334e-01 -1.600000000000000089e+00 5.000000000000000000e-01 1.293000000000000114e+02 1.730000000000000071e+01
1.099999999999999936e-02 -8.210000000000000631e-02 -5.999999999999999778e-01 2.000000000000000111e-01 -8.320000000000000284e+01 3.000000000000000000e+00
1.269999999999999948e-02 1.491999999999999993e-01 -8.000000000000000444e-01 2.000000000000000111e-01 2.550999999999999943e+02 3.100000000000000089e+00
1.329999999999999932e-02 -6.100000000000000387e-03 -1.399999999999999911e+00 2.999999999999999889e-01 3.799999999999999822e+00 1.459999999999999964e+01
1.420000000000000082e-02 2.286999999999999866e-01 -1.199999999999999956e+00 2.000000000000000111e-01 2.785000000000000000e+02 3.000000000000000000e+00
1.799999999999999864e-02 5.519999999999999907e-02 -1.300000000000000044e+00 2.999999999999999889e-01 -3.920000000000000284e+01 3.299999999999999822e+00
2.040000000000000147e-02 1.609999999999999973e-02 -6.999999999999999556e-01 2.000000000000000111e-01 -1.710999999999999943e+02 3.000000000000000000e+00
2.239999999999999977e-02 -8.000000000000000167e-03 -5.000000000000000000e-01 2.999999999999999889e-01 3.713000000000000114e+02 3.000000000000000000e+00
2.299999999999999961e-02 -3.490000000000000047e-02 -9.000000000000000222e-01 2.000000000000000111e-01 -7.959999999999999432e+01 3.000000000000000000e+00
2.400000000000000050e-02 2.497000000000000053e-01 -1.800000000000000044e+00 2.000000000000000111e-01 -7.929999999999999716e+01 3.100000000000000089e+00
2.779999999999999832e-02 1.399999999999999986e-03 -2.399999999999999911e+00 9.000000000000000222e-01 2.518000000000000114e+02 3.879999999999999716e+01
2.920000000000000026e-02 5.700000000000000205e-02 -1.199999999999999956e+00 2.000000000000000111e-01 -3.266999999999999886e+02 1.700000000000000000e+01
3.030000000000000054e-02 2.681000000000000050e-01 -1.500000000000000000e+00 2.000000000000000111e-01 8.070000000000000284e+01 1.019999999999999929e+01
4.329999999999999821e-02 1.200000000000000025e-02 -5.000000000000000000e-01 2.999999999999999889e-01 -2.410000000000000142e+01 3.100000000000000089e+00
4.590000000000000330e-02 -1.168000000000000010e-01 -1.199999999999999956e+00 2.000000000000000111e-01 -3.746999999999999886e+02 3.100000000000000089e+00
4.669999999999999846e-02 2.772999999999999909e-01 -1.399999999999999911e+00 2.000000000000000111e-01 1.289000000000000057e+02 3.000000000000000000e+00
5.349999999999999895e-02 2.356000000000000039e-01 -6.999999999999999556e-01 2.000000000000000111e-01 1.788000000000000114e+02 3.000000000000000000e+00
5.419999999999999818e-02 -6.180000000000000077e-02 -1.199999999999999956e+00 4.000000000000000222e-01 -8.500000000000000000e+00 3.100000000000000089e+00
5.550000000000000072e-02 -3.854000000000000203e-01 -8.000000000000000444e-01 2.999999999999999889e-01 -1.990999999999999943e+02 3.299999999999999822e+00
5.840000000000000052e-02 -1.299999999999999940e-02 -1.000000000000000000e+00 2.000000000000000111e-01 2.751000000000000227e+02 3.100000000000000089e+00
5.979999999999999899e-02 4.061000000000000165e-01 -1.000000000000000000e+00 2.000000000000000111e-01 1.325999999999999943e+02 3.100000000000000089e+00
6.130000000000000032e-02 3.209999999999999659e-02 -1.100000000000000089e+00 2.000000000000000111e-01 -3.529999999999999716e+01 3.100000000000000089e+00
6.600000000000000311e-02 3.049999999999999933e-01 -1.300000000000000044e+00 2.000000000000000111e-01 2.488000000000000114e+02 3.100000000000000089e+00
6.859999999999999432e-02 7.610999999999999988e-01 -1.399999999999999911e+00 2.000000000000000111e-01 1.930000000000000071e+01 1.760000000000000142e+01
7.209999999999999742e-02 1.899000000000000132e-01 -8.000000000000000444e-01 2.000000000000000111e-01 -1.930000000000000071e+01 1.000000000000000000e+01
7.900000000000000078e-02 8.970000000000000195e-02 -5.999999999999999778e-01 2.000000000000000111e-01 -4.470000000000000284e+01 3.000000000000000000e+00
8.050000000000000211e-02 3.520000000000000212e-02 -6.999999999999999556e-01 2.000000000000000111e-01 1.660000000000000000e+02 3.000000000000000000e+00
8.089999999999999969e-02 5.727999999999999758e-01 -1.399999999999999911e+00 2.000000000000000111e-01 1.152999999999999972e+02 1.680000000000000071e+01
9.030000000000000526e-02 -1.470299999999999940e+00 -6.999999999999999556e-01 1.000000000000000056e-01 2.060000000000000142e+01 2.219999999999999929e+01
9.139999999999999514e-02 -2.114000000000000046e-01 -5.000000000000000000e-01 2.000000000000000111e-01 -1.174000000000000057e+02 3.100000000000000089e+00
9.249999999999999889e-02 -2.475999999999999868e-01 -1.199999999999999956e+00 2.000000000000000111e-01 -7.429999999999999716e+01 3.000000000000000000e+00
9.310000000000000220e-02 -8.039999999999999925e-02 -2.600000000000000089e+00 2.999999999999999889e-01 2.863000000000000114e+02 3.299999999999999822e+00
9.450000000000000067e-02 -1.466999999999999971e-01 -8.000000000000000444e-01 2.000000000000000111e-01 1.162000000000000028e+02 3.000000000000000000e+00
9.479999999999999538e-02 1.512000000000000011e-01 -1.199999999999999956e+00 2.000000000000000111e-01 -2.250999999999999943e+02 3.000000000000000000e+00
9.629999999999999671e-02 -2.426999999999999991e-01 -2.799999999999999822e+00 4.000000000000000222e-01 -5.779999999999999716e+01 3.200000000000000178e+00
9.760000000000000620e-02 -7.889999999999999791e-02 -1.100000000000000089e+00 2.000000000000000111e-01 -1.503000000000000114e+02 3.000000000000000000e+00
9.859999999999999321e-02 2.399000000000000021e-01 -8.000000000000000444e-01 2.000000000000000111e-01 -4.000000000000000000e+00 1.059999999999999964e+01
1.004000000000000031e-01 1.320000000000000062e-01 -5.000000000000000000e-01 2.000000000000000111e-01 1.651999999999999886e+02 3.000000000000000000e+00
1.073999999999999955e-01 -1.449200000000000044e+00 -1.899999999999999911e+00 1.000000000000000056e-01 -1.650000000000000000e+01 3.600000000000000089e+00
1.063999999999999946e-01 -8.730000000000000260e-02 -2.000000000000000000e+00 2.000000000000000111e-01 2.365999999999999943e+02 3.100000000000000089e+00
1.188000000000000028e-01 4.657000000000000028e-01 -5.999999999999999778e-01 2.000000000000000111e-01 1.855000000000000000e+02 3.100000000000000089e+00
1.210999999999999993e-01 1.547999999999999932e-01 -1.199999999999999956e+00 9.000000000000000222e-01 -5.829999999999999716e+01 3.299999999999999822e+00
1.234999999999999987e-01 -4.242000000000000215e-01 -6.999999999999999556e-01 2.000000000000000111e-01 8.699999999999999289e+00 3.100000000000000089e+00
1.283999999999999864e-01 3.508000000000000007e-01 -9.000000000000000222e-01 2.000000000000000111e-01 2.010999999999999943e+02 5.099999999999999645e+00
1.303999999999999881e-01 8.959999999999999909e-02 -5.999999999999999778e-01 2.000000000000000111e-01 1.630000000000000071e+01 3.500000000000000000e+00
1.390000000000000124e-01 1.078000000000000069e-01 -8.000000000000000444e-01 2.000000000000000111e-01 -1.610000000000000142e+01 3.000000000000000000e+00
1.433000000000000107e-01 3.798000000000000265e-01 -1.000000000000000000e+00 2.000000000000000111e-01 -1.903000000000000114e+02 3.000000000000000000e+00
1.454999999999999905e-01 -4.494000000000000217e-01 -1.600000000000000089e+00 2.000000000000000111e-01 -2.335000000000000000e+02 3.100000000000000089e+00
1.449999999999999900e-01 -1.739999999999999880e-01 -1.199999999999999956e+00 2.000000000000000111e-01 -1.000000000000000000e+02 3.200000000000000178e+00
1.454000000000000015e-01 8.540000000000000369e-02 -1.199999999999999956e+00 2.000000000000000111e-01 1.516999999999999886e+02 3.000000000000000000e+00
1.464999999999999913e-01 3.500000000000000333e-02 -1.000000000000000000e+00 2.000000000000000111e-01 1.555999999999999943e+02 3.000000000000000000e+00
1.487999999999999878e-01 -1.396000000000000019e-01 -9.000000000000000222e-01 2.000000000000000111e-01 1.035999999999999943e+02 3.000000000000000000e+00
1.502999999999999892e-01 2.162999999999999923e-01 -5.000000000000000000e-01 2.000000000000000111e-01 3.629999999999999716e+01 3.000000000000000000e+00
1.643000000000000016e-01 -1.323999999999999899e-01 -1.000000000000000000e+00 2.000000000000000111e-01 -5.629999999999999716e+01 3.000000000000000000e+00
1.653999999999999915e-01 -2.351000000000000034e-01 -5.000000000000000000e-01 2.000000000000000111e-01 1.145000000000000000e+02 3.000000000000000000e+00
1.660000000000000087e-01 -2.359999999999999945e-02 -5.999999999999999778e-01 2.000000000000000111e-01 1.479000000000000057e+02 3.399999999999999911e+00
1.696000000000000008e-01 2.273999999999999910e-01 -1.600000000000000089e+00 2.999999999999999889e-01 2.496999999999999886e+02 4.599999999999999645e+00
1.718000000000000083e-01 2.526999999999999802e-01 -9.000000000000000222e-01 2.000000000000000111e-01 -3.750000000000000000e+01 1.850000000000000000e+01
1.787999999999999867e-01 1.381000000000000005e-01 -1.699999999999999956e+00 2.000000000000000111e-01 6.659999999999999432e+01 4.400000000000000355e+00
1.842000000000000026e-01 2.993000000000000105e-01 -1.199999999999999956e+00 2.000000000000000111e-01 2.124000000000000057e+02 3.000000000000000000e+00
1.910999999999999921e-01 -1.665999999999999981e-01 -1.399999999999999911e+00 2.000000000000000111e-01 -1.012999999999999972e+02 3.000000000000000000e+00
1.975000000000000089e-01 1.832000000000000017e-01 -8.000000000000000444e-01 2.000000000000000111e-01 1.298000000000000114e+02 8.599999999999999645e+00
2.003000000000000058e-01 1.791000000000000092e-01 -1.000000000000000000e+00 2.000000000000000111e-01 1.800999999999999943e+02 3.000000000000000000e+00
2.015000000000000124e-01 -1.388999999999999957e-01 -5.000000000000000000e-01 2.999999999999999889e-01 -1.431999999999999886e+02 7.900000000000000355e+00
2.030000000000000138e-01 -5.587999999999999634e-01 -1.100000000000000089e+00 2.000000000000000111e-01 -2.050000000000000000e+01 3.100000000000000089e+00
2.061999999999999944e-01 -2.982000000000000206e-01 -1.500000000000000000e+00 2.000000000000000111e-01 -7.040000000000000568e+01 3.100000000000000089e+00
2.053000000000000103e-01 2.622999999999999776e-01 -1.000000000000000000e+00 2.000000000000000111e-01 2.983999999999999773e+02 8.300000000000000711e+00
2.064000000000000001e-01 2.207000000000000073e-01 -1.399999999999999911e+00 2.999999999999999889e-01 -6.060000000000000142e+01 3.360000000000000142e+01
2.149999999999999967e-01 -1.028000000000000025e-01 -1.100000000000000089e+00 2.000000000000000111e-01 -4.126000000000000227e+02 3.000000000000000000e+00
2.212999999999999967e-01 -2.599000000000000199e-01 -1.199999999999999956e+00 2.000000000000000111e-01 -4.639999999999999858e+01 3.000000000000000000e+00
2.230999999999999928e-01 2.741999999999999993e-01 -8.000000000000000444e-01 2.000000000000000111e-01 6.379999999999999716e+01 3.000000000000000000e+00
2.255000000000000060e-01 9.859999999999999321e-02 -6.999999999999999556e-01 2.000000000000000111e-01 -6.300000000000000000e+01 3.000000000000000000e+00
2.316000000000000003e-01 -1.035300000000000109e+00 -1.399999999999999911e+00 2.000000000000000111e-01 -4.270000000000000284e+01 1.059999999999999964e+01
2.308000000000000052e-01 1.418000000000000094e-01 -9.000000000000000222e-01 2.000000000000000111e-01 -7.929999999999999716e+01 3.000000000000000000e+00
2.318999999999999950e-01 2.361999999999999933e-01 -1.100000000000000089e+00 2.000000000000000111e-01 1.044000000000000057e+02 3.000000000000000000e+00
2.331999999999999906e-01 3.426000000000000156e-01 -1.399999999999999911e+00 2.999999999999999889e-01 3.579999999999999716e+01 3.200000000000000178e+00
2.358999999999999986e-01 -1.658999999999999919e-01 -1.300000000000000044e+00 2.000000000000000111e-01 1.363000000000000114e+02 3.000000000000000000e+00
2.396000000000000074e-01 1.799999999999999864e-02 -1.800000000000000044e+00 2.999999999999999889e-01 -4.889999999999999858e+01 2.030000000000000071e+01
2.447000000000000008e-01 1.552999999999999936e-01 -1.000000000000000000e+00 2.000000000000000111e-01 -1.728000000000000114e+02 3.000000000000000000e+00
2.459999999999999964e-01 6.590000000000000024e-02 -1.399999999999999911e+00 2.000000000000000111e-01 1.638000000000000114e+02 3.500000000000000000e+00
2.472999999999999921e-01 -1.864999999999999991e-01 -1.699999999999999956e+00 2.000000000000000111e-01 -1.030000000000000000e+02 3.000000000000000000e+00
2.472000000000000031e-01 2.419000000000000039e-01 -8.000000000000000444e-01 2.000000000000000111e-01 -2.710000000000000000e+02 3.500000000000000000e+00
2.487999999999999934e-01 1.696999999999999897e-01 -1.300000000000000044e+00 2.000000000000000111e-01 2.580000000000000071e+01 1.519999999999999929e+01
2.560999999999999943e-01 2.600000000000000089e-01 -5.999999999999999778e-01 2.000000000000000111e-01 1.423000000000000114e+02 3.000000000000000000e+00
2.696999999999999953e-01 1.287999999999999978e-01 -8.000000000000000444e-01 2.000000000000000111e-01 2.846000000000000227e+02 3.000000000000000000e+00
2.731999999999999984e-01 1.295999999999999930e-01 -1.399999999999999911e+00 2.000000000000000111e-01 3.979999999999999716e+01 1.680000000000000071e+01
2.817000000000000060e-01 5.340000000000000302e-02 -8.000000000000000444e-01 2.000000000000000111e-01 8.020000000000000284e+01 3.299999999999999822e+00
2.856000000000000205e-01 -3.221999999999999864e-01 -5.999999999999999778e-01 2.000000000000000111e-01 -2.061999999999999886e+02 3.100000000000000089e+00
2.943000000000000060e-01 -7.088999999999999746e-01 -2.100000000000000089e+00 2.999999999999999889e-01 -7.800000000000000000e+01 3.200000000000000178e+00
2.968999999999999972e-01 2.411000000000000087e-01 -1.500000000000000000e+00 2.999999999999999889e-01 1.359999999999999964e+01 3.799999999999999822e+00
3.079999999999999960e-01 2.832000000000000073e-01 -1.100000000000000089e+00 2.000000000000000111e-01 -1.679000000000000057e+02 3.000000000000000000e+00
3.209000000000000186e-01 2.121000000000000107e-01 -1.500000000000000000e+00 2.000000000000000111e-01 1.425999999999999943e+02 3.100000000000000089e+00
3.291999999999999926e-01 9.149999999999999800e-02 -5.000000000000000000e-01 2.000000000000000111e-01 1.376999999999999886e+02 3.100000000000000089e+00
3.388999999999999790e-01 4.227000000000000202e-01 -6.999999999999999556e-01 2.000000000000000111e-01 -1.360000000000000000e+02 3.799999999999999822e+00
3.411000000000000143e-01 3.729000000000000092e-01 -2.100000000000000089e+00 2.999999999999999889e-01 2.808000000000000114e+02 4.500000000000000000e+00
3.488999999999999879e-01 -3.150000000000000022e-01 -1.899999999999999911e+00 2.000000000000000111e-01 -2.735000000000000000e+02 3.200000000000000178e+00
3.457999999999999963e-01 1.020899999999999919e+00 -1.399999999999999911e+00 2.000000000000000111e-01 2.406999999999999886e+02 1.280000000000000071e+01
3.568999999999999950e-01 1.948000000000000009e-01 -1.000000000000000000e+00 2.000000000000000111e-01 -5.700000000000000178e+00 3.000000000000000000e+00
3.632000000000000228e-01 -1.810000000000000150e-02 -1.899999999999999911e+00 2.000000000000000111e-01 1.082999999999999972e+02 3.100000000000000089e+00
3.664000000000000035e-01 4.636000000000000121e-01 -1.100000000000000089e+00 2.000000000000000111e-01 2.285999999999999943e+02 1.159999999999999964e+01
3.810000000000000053e-01 2.200999999999999901e-01 -8.000000000000000444e-01 2.000000000000000111e-01 9.500000000000000000e+01 3.000000000000000000e+00
3.786999999999999811e-01 7.959000000000000519e-01 -2.000000000000000000e+00 2.000000000000000111e-01 1.653000000000000114e+02 1.550000000000000000e+01
4.103999999999999870e-01 1.540000000000000049e-02 -8.000000000000000444e-01 2.000000000000000111e-01 2.110000000000000000e+02 3.000000000000000000e+00
4.171000000000000263e-01 2.220999999999999919e-01 -9.000000000000000222e-01 2.000000000000000111e-01 2.078000000000000114e+02 3.000000000000000000e+00
4.557999999999999829e-01 -4.264000000000000012e-01 -1.500000000000000000e+00 2.999999999999999889e-01 -9.379999999999999716e+01 3.200000000000000178e+00
4.531000000000000028e-01 1.086000000000000021e-01 -1.800000000000000044e+00 2.000000000000000111e-01 1.991999999999999886e+02 3.100000000000000089e+00
4.651000000000000134e-01 6.937999999999999723e-01 -1.600000000000000089e+00 2.000000000000000111e-01 -5.200000000000000000e+01 1.400000000000000000e+01
4.704999999999999738e-01 5.940000000000000141e-02 -6.999999999999999556e-01 2.000000000000000111e-01 2.578999999999999773e+02 3.000000000000000000e+00
4.714999999999999747e-01 3.205999999999999961e-01 -9.000000000000000222e-01 2.000000000000000111e-01 5.420000000000000284e+01 1.130000000000000071e+01
5.047000000000000375e-01 -1.612000000000000099e-01 -1.500000000000000000e+00 2.000000000000000111e-01 2.435999999999999943e+02 3.600000000000000089e+00
5.123999999999999666e-01 2.341000000000000025e-01 -1.399999999999999911e+00 4.000000000000000222e-01 3.200000000000000178e+00 2.930000000000000071e+01
5.235999999999999543e-01 7.397000000000000242e-01 -1.100000000000000089e+00 2.000000000000000111e-01 7.370000000000000284e+01 8.800000000000000711e+00
5.518999999999999462e-01 4.924000000000000044e-01 -5.000000000000000000e-01 2.000000000000000111e-01 8.400000000000000000e+01 7.900000000000000355e+00
5.576999999999999735e-01 6.908999999999999586e-01 -8.000000000000000444e-01 2.000000000000000111e-01 1.360999999999999943e+02 1.500000000000000000e+01
5.597999999999999643e-01 5.997000000000000108e-01 -1.399999999999999911e+00 2.000000000000000111e-01 -3.400000000000000000e+02 1.440000000000000036e+01
5.643000000000000238e-01 3.950000000000000178e-01 -9.000000000000000222e-01 2.000000000000000111e-01 1.010000000000000000e+02 7.500000000000000000e+00
5.817999999999999838e-01 -6.322999999999999732e-01 -1.500000000000000000e+00 2.000000000000000111e-01 8.190000000000000568e+01 1.090000000000000036e+01
5.812000000000000499e-01 -2.363999999999999990e-01 -2.100000000000000089e+00 4.000000000000000222e-01 3.388999999999999773e+02 1.780000000000000071e+01
5.985000000000000320e-01 6.254999999999999449e-01 -1.600000000000000089e+00 2.999999999999999889e-01 5.270000000000000284e+01 1.550000000000000000e+01
6.241999999999999771e-01 8.352000000000000535e-01 -1.100000000000000089e+00 2.999999999999999889e-01 -3.260000000000000142e+01 1.669999999999999929e+01
6.326000000000000512e-01 8.350000000000000477e-02 -1.100000000000000089e+00 2.000000000000000111e-01 2.175000000000000000e+02 4.400000000000000355e+00
6.429000000000000270e-01 -2.984999999999999876e-01 -1.399999999999999911e+00 2.000000000000000111e-01 7.920000000000000284e+01 1.540000000000000036e+01
6.417000000000000481e-01 3.618000000000000105e-01 -1.899999999999999911e+00 2.000000000000000111e-01 4.400000000000000355e+00 1.159999999999999964e+01
6.497000000000000552e-01 6.210000000000000242e-02 -5.999999999999999778e-01 2.000000000000000111e-01 7.120000000000000284e+01 3.399999999999999911e+00
6.918999999999999595e-01 -9.826000000000000290e-01 -6.999999999999999556e-01 2.000000000000000111e-01 -6.060000000000000142e+01 7.400000000000000355e+00
6.893000000000000238e-01 7.658000000000000362e-01 -1.100000000000000089e+00 2.000000000000000111e-01 -9.159999999999999432e+01 1.169999999999999929e+01
7.237000000000000099e-01 -5.282999999999999918e-01 -2.200000000000000178e+00 2.000000000000000111e-01 3.103999999999999773e+02 1.430000000000000071e+01
7.504999999999999449e-01 1.481899999999999995e+00 -1.600000000000000089e+00 1.000000000000000056e-01 3.060000000000000142e+01 3.000000000000000000e+00
7.913000000000000034e-01 3.013000000000000123e-01 -1.199999999999999956e+00 2.000000000000000111e-01 -2.489999999999999858e+01 1.019999999999999929e+01
8.028999999999999471e-01 1.373999999999999944e-01 -9.000000000000000222e-01 2.999999999999999889e-01 -7.250000000000000000e+01 1.480000000000000071e+01
8.918000000000000371e-01 -9.018000000000000460e-01 -2.000000000000000000e+00 4.000000000000000222e-01 -3.150000000000000000e+02 2.850000000000000000e+01
8.870000000000000107e-01 -6.040000000000000230e-02 -1.199999999999999956e+00 2.000000000000000111e-01 1.798000000000000114e+02 1.469999999999999929e+01
9.825000000000000400e-01 3.294000000000000261e-01 -1.699999999999999956e+00 5.999999999999999778e-01 -1.289000000000000057e+02 2.730000000000000071e+01
1.008999999999999897e+00 4.168999999999999928e-01 -1.899999999999999911e+00 4.000000000000000222e-01 -2.719999999999999929e+01 2.089999999999999858e+01
1.089099999999999957e+00 7.663999999999999702e-01 -6.999999999999999556e-01 2.999999999999999889e-01 -1.496999999999999886e+02 2.439999999999999858e+01
1.214499999999999913e+00 -1.355000000000000093e-01 -1.699999999999999956e+00 6.999999999999999556e-01 7.550000000000000000e+01 2.319999999999999929e+01
1.225899999999999990e+00 3.279000000000000248e-01 -9.000000000000000222e-01 2.000000000000000111e-01 3.970000000000000284e+01 1.140000000000000036e+01
1.294999999999999929e+00 3.352999999999999869e-01 -1.199999999999999956e+00 2.000000000000000111e-01 1.269000000000000057e+02 1.540000000000000036e+01
1.387000000000000011e+00 4.293000000000000149e-01 -5.000000000000000000e-01 2.000000000000000111e-01 -8.000000000000000000e+00 1.550000000000000000e+01
